# Photos du site : une photo Pexels par ligne, numéro ou lien complet.
# Pour ajouter une photo, collez son lien Pexels sur une nouvelle ligne.
# Pour retirer une photo, placez un # en début de ligne.

39670628
39670627
39670626
39670625
39670624
39670623
39670622
39670621
39670620
39670619
39650070
39632230
39632229
39632228
39595392
39595391
39575548
39575547
39575546
39575545
39564918
39564917
39564916
39564915
39564914
39564913
39550974
39550973
39550972
39532050
39532049
39532048
39517013
39517001
39517000
39516999
39455694
39455693
39455692
39434692
39434691
39434690
39434689
39434688
39423924
39423923
39423922
39423921
39423920
39386274
39386273
39386272
39386271
39376206
39376205
39363487
39363486
39359766
39359765
39359764
39359763
39359762
39359761
39359760
39359759
39359758
39296056
39296055
39296054
39241587
39241472
39238259
39238258
39238257
39236039
39235898
39235897
39228699
39228275
39228274
39228273
39228272
39228271
39228270
39228269
39228268
39228267
39228266
39212543
39212520
39212519
39212518
39212506
39212505
39212504
39208898
39208897
39208847
39208846
39208822
39208821
39182180
39182179
39182178
39182177
39167576
39167575
39167574
39167573
39167572
39151963
39151962
39151961
39151960
38995522
38994579
38993636
38993497
38993391
38973354
38973353
38971694
38971384
38855700
38781489
38712883
38712882
38712881
38712880
38712879
38712878
38712877
38708323
38708322
38708321
38708320
38708319
38694060
38694059
38694058
38694057
38694056
38694055
38694054
38694053
38694052
38694051
38694050
38694049
38694048
38694047
38694046
38694045
38694044
38694043
38694042
38694025
38688658
38688489
38688488
38688486
38688485
38688484
38682316
38674517
38674516
38674515
38570603
38570572
38570570
38570569
38562044
38561996
38561995
38561994
38561993
38561992
38561991
38561990
38536694
38536481
38536480
38536479
38536478
38536477
38536476
38279684
38279517
38279516
38279515
38279514
38279512
38279511
38279509
38279508
38279507
38279506
38279505
38279504
38279503
38279502
38256829
38256669
38256668
38188749
38188748
37296561
37296558
37296469
37296468
37296467
36946795
36946794
36652526
36652487
36652486
36170133
36170132
36117556
36117555
35765784
35765783
35760712
35403785
35375614
35375606
35363738
35363737
35363731
35168744
35168742
35145727
35145726
35145725
35140747
35140746
35136160
35136159
35119805
35119804
35119803
35104311
35104310
35104309
35104308
35104307
35104306
35086241
35086240
35086239
35070415
35070410
35070409
35070408
35070407
35048476
35048475
35048474
35039650
35027338
35027337
35024042
35024041
35024040
35024039
35024038
35024036
35015316
35015315
35015312
34988859
34982307
34978560
34967548
34967545
34956322
34956321
34956320
34956319
34939469
34939468
34939467
34939460
34939457
34939456
34939450
34930397
34930396
34930395
34908872
34908869
34908868
34908867
34894970
34894969
34894968
34894967
34894965
34894959
34894953
34876057
34876056
34876055
34876054
34876053
34849713
34849712
34849711
34849710
34849709
34849708
34849707
34849706
34849705
34849704
34828680
34828679
34828675
34793920
34793919
34793918
34762347
34762346
34762323
34762322
34762321
34762320
34762319
34552339
34552338
34552337
34532663
34517717
34506494
34506473
34500401
34500400
34500399
34500398
34500397
34500396
34500395
34500394
34500393
34500388
34500387
34500386
34500385
34500384
34500354
34500351
34500350
34500348
34500347
34500337
34500336
34500335
34500334
34500333
34500332
34500331
34500329
34500328
34500326
34500324
34500323
34491966
34408656
34408224
34354428
34354427
34354424
34354423
34354421
34354420
34354418
34354417
34354413
34342360
34342153
34342152
34342151
34342150
34342149
34342148
34342146
34342145
34342144
34342142
34342141
34342140
34342139
34342138
34342137
34342136
34342135
34342134
34342133
34342132
34342131
34342130
34342129
34342128
34342127
34342126
34342125
34342124
34342123
34342121
34342120
34342118
34342117
34342116
34342115
34342114
34342113
34342112
34340147
34197247
33834555
33185094
33036184
33036167
33036165
33036031
33035888
33035694
33035693
33035661
33035660
33035659
33035658
33035657
33035654
33035652
33035651
33035648
33035647
33035645
33035642
33035639
33035638
33035637
33035635
33035634
33035632
33035628
33035627
33035626
32920014
32544433
32429297
32429296
32429295
32429294
32429293
32429268
32429267
32429266
32429265
32429264
32429192
32429191
32429190
32429189
32429188
32429186
32429185
32429184
32429183
32419525
32419498
32419414
32419413
32419412
32419411
32419410
32419408
32419407
32419406
32419405
32419049
32419048
32419045
32419042
32419041
32419038
32419037
32419034
32127342
32053231
31999687
31999683
31999682
31838328
31641577
31641251
31640851
31514850
31514849
31514848
31514847
31514846
31514844
31514843
31514842
31514841
31514840
31514839
31514838
31514837
31514836
31285712
31285711
30957682
30957681
30908350
30908349
30755522
29926168
29835361
29654801
29654800
29654799
29630257
29435831
29360492
29188525
29188524
29170697
29170696
29170695
29170694
29170692
29170691
29170689
29170688
29170674
29170673
29169891
29169890
29169889
29169888
29169887
29169886
29136978
29136905
29136752
29136751
29136750
29136749
29136748
29136747
29136746
29136745
29136743
29136742
29136741
29136740
29136739
29136738
29136737
29136736
27681005
27588524
27588523
27585488
27531658
27520518
27520517
27488883
27488882
27141523
27141522
27141503
27141272
27141271
27141270
27141266
27141263
27141262
27141260
27141259
27116694
27116693
27116691
27116689
27116688
27116687
27116685
27116684
27116683
27116682
27116680
27046198
27046197
27046196
27046193
27046192
27046179
27046156
27046110
27046095
27025918
27025917
27025916
27025915
27025913
27025912
27025911
27016848
27016847
27016845
27016844
26775591
26775590
26598926
26598925
26598924
26598923
26082574
25255092
25182670
25177036
24200555
23947485
23932629
23414384
23414383
23414382
23414381
23414380
23414378
23414377
23409061
23409060
23409059
23102800
22674081
22667989
22667988
22667987
22591348
22591347
22591346
22591345
22125756
22125755
22125754
21992039
21992037
21992034
21992006
21952373
21952372
21906959
21906951
20315377
20315376
19983129
19654398
19654381
19509156
19509151
19059640
19059639
19059638
19059637
19059636
19059635
19059634
19059625
19059624
19059623
19059606
19047689
19047688
19047682
19047681
19047680
19047677
19047675
19047674
19047671
18998193
18994935
18986604
18964815
18935321
18890995
18890994
18890993
18890992
18890991
18890989
18890960
18890872
18890846
18890798
18890794
18780101
18458017
18332906
18100443
18099951
17768576
17768573
17734823
16904613
16592454
16510834
16141501
16141476
16141472
16141463
16113112
16113052
16101474
16101468
16101436
16093235
13679752
13679728
13679682
13673408
13673404
13673391
13651490
13651457
13628723
13628612
13358097
13322944
13313100
13296781
13296675
13292485
13292415
13263155
13263103
13255679
13243887
13243860
13234891
13228683
13216464
13216448
13204344
13197999
13178332
13178331
13164936
13164935
13153086
13153085
13153084
13142737
13142734
13142731
13125778
13125683
13125670
13117680
13117640
13102289
13102252
13102229
13087576
13087566
13087478
13087407
13078049
13078020
13070707
13066927
13065309
13065295
13058158
13058109
13058086
13041935
13041926
13034692
13034675
13020351
13020345
13009542
13009520
13009455
12998724
12985910
12976396
12976374
12956180
12581896
12581745
12516756
12496931
12484812
12484797
12473320
12473274
12461417
12453008
12443176
12441049
12112236
12100543
12092047
12092035
12084338
12076681
12076680
12073895
12073840
12073837
12063477
11999255
11999254
11999253
11991308
11978981
11968816
11968793
11961131
11946983
11938837
11932587
11906092
11897642
11897639
11891040
11876963
11497010
11497009
11497008
11497007
11497006
11497005
11496895
11496894
11323389
11294895
11041007
11039264
11017570
10959904
10879440
10879428
10815633
10815620
10804000
10767076
10757956
10745565
10714439
10699313
10688244
10683520
10669795
10659494
10652212
10652195
10644439
10644428
10634288
10634272
10625741
10618206
10606945
10597431
10591398
10581933
10572711
10565065
10556139
10556063
10543529
10535821
10535792
10524140
10524139
10515562
10504042
10486478
10473138
10459984
10452966
10443099
10431296
10418605
10405558
10394847
10384181
10375506
10369144
10368253
10365716
10355479
10355467
10347221
10347211
10327809
10310851
10303311
10292593
10281697
10273090
10260382
10249058
10220497
10199772
10187660
10187589
10187432
10187408
10187396
8297886
6858270
